 30503  14  5845   86  4.43  0.11  0.99  0.09  7.62  7.62  1.03  0.99  1.08   4.4   2.2   6.8  0.06  -0.03  -0.00  -0.03   0.01  -0.01   0.00  -0.01   0.00  -0.03  -0.02   0.04   0.03 0.09  0.19  0.06  0.06  0.06  0.07  0.06  0.08  0.09  0.08  0.09  0.17  0.10  0.05  -0.02   0.01  -0.02   0.02   0.00   0.01   0.01  -0.02   0.01  -0.01   0.05   0.04 0.08  0.14  0.11  0.11  0.08  0.07  0.13  0.04  0.07  0.08  0.07  0.11  0.10 123   33    3    4    7    7   32   23   31   17   14    9   54    3    6    4 0.10  0.09  0.02  0.04  0.12  0.07  0.14  0.04  0.09  0.04  0.15  0.08  0.07  0.04  0.09  0.03   45.70      0.40   0.0219   236.625   -18.072      21      18     -11    8.33   10.43    0.14  0.1118    2070  1.0329   1.72e-02  6.43e+03  2.75e-14  1.60e-12 5850  4.40  5872  4.44  7.63  7.64
 75181  15  5698   65  4.46  0.12  0.92  0.09  7.27  7.26  0.90  0.86  0.92   8.7   4.1  11.7 -0.32   0.33   0.05   0.19   0.22   0.15   0.09   0.22   0.02   0.01   0.16  -0.04  -0.10 0.07  0.16  0.06  0.08  0.05  0.07  0.09  0.07  0.09  0.07  0.07  0.19  0.08 -0.10   0.11  -0.17  -0.03   0.00  -0.07  -0.13  -0.20  -0.21  -0.22  -0.06  -0.26  -0.32 0.07  0.12  0.12  0.13  0.09  0.06  0.15  0.04  0.05  0.07  0.05  0.13  0.07 134   33    3    4    6    7   31   22   30   17   13    9   52    3    7    3 0.15  0.09  0.04  0.02  0.06  0.07  0.15  0.08  0.07  0.07  0.06  0.04  0.06  0.04  0.08  0.03   67.51      0.39   0.0148   327.081     7.377    -109     -36      44    5.17   11.31    0.84  0.3723    1595  0.9986   1.54e+01  1.17e+03  6.24e-01  4.06e-02 5716  4.41  5699  4.35  7.25  7.23
 99240  14  5635  122  4.36  0.11  1.13  0.12  7.94  7.94  1.03  0.96  1.10   4.9   3.3   9.6  0.37  -0.19   0.09  -0.02   0.07   0.04  -0.03   0.04   0.02   0.05   0.10  -0.05  -0.16 0.20  0.29  0.12  0.14  0.14  0.15  0.06  0.06  0.09  0.11  0.17  0.17  0.16  0.41  -0.23   0.05  -0.06   0.03   0.00  -0.07  -0.02   0.01  -0.04   0.06  -0.09  -0.20 0.18  0.27  0.13  0.15  0.14  0.13  0.09  0.07  0.10  0.06  0.16  0.15  0.16  94   30    3    4    7    7   30   19   31   16   12    9   47    3    6    4 0.22  0.11  0.06  0.04  0.12  0.03  0.17  0.08  0.13  0.13  0.08  0.08  0.07  0.23  0.13  0.03  163.71      0.17   0.0061   329.771   -32.414     -38      -1      -8    7.57    9.67    0.09  0.1221    1901  1.0034   1.41e-02  7.19e+03  1.81e-07  1.29e-05 5659  4.30  5700  4.37  7.96  7.95


131119001701221,HIP30503,96.18283192,-28.780094,06244387-2846483
140114006101165,HIP75181,230.4565416666667,-48.31697222222221,15214824-4819032
140713003901146,HIP99240,302.1744166666667,-66.17933333333333,20084376-6610563


   sobject_id    Teff_cannon   Logg_cannon     Feh_cannon  
     int64         float64       float64        float64    
--------------- ------------- ------------- ---------------
131119001701221 5776.69310096 4.31117870484 0.0388425194232
140114006101165 5641.33206078 4.16768877845 -0.320420403582
140713003901146 5554.93598721 4.21504267701  0.394484091986

   sobject_id   teff_guess logg_guess    feh_guess   
     int64       float64    float64       float64    
--------------- ---------- ---------- ---------------
131119001701221   5720.434      3.903 -0.141659468251
140114006101165   5581.398      3.618 -0.418601601842
140713003901146   5534.582      4.031  0.206634957004


131119001701221   5845   4.43   
140114006101165   5698   4.46
140713003901146   5635   4.36
